m =  5000
h_size =

   5000      1

X_size =

   5000    401

theta_size =

   401     1

m =  5000
h_size =

   5000      1

X_size =

   5000    401

theta_size =

   401     1

Iteration    11 | Cost: 1.017049e-001